song,cremeebrulee,TalkShitToDiarrhea,Floridamannn,McNoKnows,Codeine_turtle,blkheron13,plastichaxan,justrun7,xNastyNoahx,calwst,cojotaho,VFT6,RafiakaMacakaDirk,Bruce-T-Wayne,IamMazra,affectionateleopard1,mishakhamseh,sbenthuggin,anonymously1010,ayylmaolmao10,Gabagool_Over_Here_,Therealgws,xnowayjosex,colby983,ringmancz,salsalion,deckmemer,Looks_good_in_shorts,b_o_g_o_,SeattleiteShark,Kingolimar354,MoonlightByWindow,washmyswollenhands,quiktwotimes,JimLaheySV,Duan-Jian,frogaranaman,thesputnik97,WordsAreSomething,NihilismIsAnArtform,Meyen
m.A.A.d city,14,3,7,3,3,2,1,1,1,1,1,1,1,1,1,1,1,1,1,1,2,3,3,2,2,2,2,1,1,1,1,1,1,1,1,1,1,1,1,1,1
Money Trees,1,1,1,5,6,5,5,2,2,2,2,2,2,2,2,3,3,2,3,2,3,2,2,1,1,1,1,2,2,2,2,2,2,2,2,2,2,2,2,2,2
Sing About Me,19,7,4,4,25,21,19,15,11,12,12,10,7,10,8,9,6,10,9,6,6,6,5,4,4,4,4,4,4,4,4,4,4,4,4,3,3,3,3,3,3
Blood on the Leaves,2,4,1,1,1,1,2,4,3,3,3,3,3,3,3,2,2,3,2,3,1,1,1,3,3,3,3,3,3,3,3,3,3,3,3,4,4,4,4,4,4
New Slaves,26,16,9,8,5,4,4,7,7,5,11,9,10,9,9,5,5,5,5,4,4,4,6,5,5,5,5,5,5,5,5,5,5,5,5,5,7,7,7,5,5
Black Skinhead,16,4,1,2,4,3,2,7,8,10,9,10,12,11,12,12,12,11,10,7,7,9,8,8,8,8,8,7,6,6,6,6,6,6,6,7,6,6,6,6,6
The Art of Peer Pressure,20,11,14,13,17,20,21,17,14,13,13,12,13,13,13,13,13,13,13,11,10,12,11,10,9,10,10,11,10,11,10,8,9,9,8,8,8,8,8,7,7
Bitch,13,11,8,8,13,13,10,6,6,7,6,4,4,4,4,6,7,7,7,9,9,7,7,7,7,6,6,6,7,8,7,7,7,7,7,6,5,5,5,8,8
Swimming Pools (Drank),2,8,9,10,9,9,8,5,5,6,4,7,6,6,6,7,8,9,11,14,14,14,13,12,10,9,9,9,9,9,8,10,10,10,9,9,9,9,9,9,9
Backseat Freestyle,2,4,5,5,12,8,7,3,4,4,4,7,11,12,10,10,10,12,14,13,13,13,12,11,11,11,11,10,11,10,11,11,11,11,10,10,10,10,10,10,10
Pound Cake / Paris Morton Music 2,17,10,12,11,8,6,14,13,12,11,10,13,9,8,7,8,9,8,8,10,11,10,10,13,13,12,12,12,12,12,12,12,12,12,11,11,13,12,11,11,11
good kid,32,22,30,24,24,24,21,19,15,14,14,14,18,17,17,17,17,17,17,15,16,16,15,15,15,14,14,14,15,13,14,14,14,14,14,13,12,11,12,12,12
Bound 2,27,24,27,12,14,12,11,9,9,8,7,5,8,5,5,4,4,4,4,5,5,5,4,6,6,7,7,7,8,7,9,9,8,8,12,12,14,13,13,13,13
Hold My Liquor,42,33,23,14,6,9,9,11,10,9,8,6,5,7,11,11,11,6,6,8,8,8,9,9,12,13,13,13,13,15,15,15,15,15,15,15,15,14,14,14,14
Hold On,2,2,5,7,2,11,17,12,13,15,15,15,14,14,14,15,14,14,15,16,15,15,15,16,16,15,15,15,14,14,13,13,13,13,13,14,11,15,15,15,15
Sherane a.k.a Master Splinter's Daughter,28,21,18,19,23,25,27,23,22,24,22,21,19,19,18,18,18,19,19,18,18,18,18,17,17,17,17,17,17,17,16,16,16,16,16,16,16,16,16,16,16
Compton,37,26,28,28,29,30,28,27,26,25,23,25,20,20,22,22,22,23,25,23,23,23,22,22,20,19,19,20,21,19,19,18,18,18,18,17,17,17,17,17,17
Poetic Justice,23,31,31,22,19,18,16,13,16,16,16,19,24,24,19,20,21,21,22,22,22,21,21,21,20,19,19,18,18,18,16,19,19,19,19,19,18,18,18,17,17
Tuscan Leather,35,23,22,30,33,29,38,41,38,34,29,28,25,22,25,24,23,22,20,21,21,22,23,23,23,21,21,21,23,21,21,21,21,21,20,20,20,20,20,19,19
On Sight,12,25,13,16,11,7,5,19,21,22,17,16,15,15,15,14,14,14,12,12,12,11,14,14,14,16,16,16,16,16,18,17,17,17,17,18,19,18,19,20,20
Too Much,25,15,16,32,39,37,38,37,35,33,30,30,28,26,21,21,20,24,23,24,24,24,24,24,24,23,23,22,22,20,20,20,20,20,21,21,21,21,21,21,21
Worst Behaviour,2,33,23,25,27,26,23,22,23,21,19,17,16,16,16,16,16,16,16,17,17,17,17,18,18,18,18,19,19,22,22,22,22,22,22,22,22,22,22,22,22
From Time,22,30,21,27,31,28,37,39,40,38,33,33,37,36,34,33,32,30,32,33,32,30,29,30,30,30,30,27,28,24,24,24,24,24,23,23,23,23,23,23,23
Started From The Bottom,2,16,17,18,15,32,44,40,36,35,34,35,31,31,28,28,28,28,27,27,27,27,25,25,25,25,26,25,25,25,25,26,28,29,30,26,25,24,24,25,24
Furthest Thing,15,14,15,29,32,31,29,29,29,28,26,26,27,27,26,27,25,27,28,31,32,32,32,32,34,33,33,32,31,29,28,29,30,26,25,25,27,27,27,24,25
Real,44,44,43,45,51,50,48,47,46,46,45,45,36,35,33,34,33,34,35,35,34,33,33,33,32,32,32,33,32,32,33,31,31,30,28,28,26,25,25,26,26
I'm In It,24,32,36,23,20,15,15,21,20,20,21,18,22,21,27,26,27,20,21,20,20,19,19,19,19,22,22,22,20,23,23,23,23,23,24,24,24,25,25,27,27
I Am A God,49,47,46,35,38,41,32,34,33,31,32,32,32,32,35,32,34,29,29,28,26,26,28,28,28,28,28,30,29,27,27,25,27,25,27,29,30,28,28,28,28
Send It Up,2,16,23,21,22,16,12,18,19,18,23,22,17,18,20,19,19,18,18,19,19,20,20,20,22,24,24,24,24,28,30,28,26,28,28,30,29,30,30,29,29
Wu-Tang Forever,18,36,18,16,16,18,25,25,25,23,25,24,21,23,23,23,24,25,24,25,27,28,27,27,27,26,25,26,26,26,26,27,25,27,26,27,28,29,29,30,30
Oceans,43,43,40,42,41,40,30,30,30,30,31,31,35,34,32,35,35,33,33,29,30,31,30,29,29,31,31,31,33,33,32,32,33,32,32,33,32,32,33,31,31
Guilt Trip,38,28,20,20,21,23,20,28,28,27,27,27,30,30,31,31,31,35,34,32,29,29,31,31,31,29,29,29,27,30,31,30,29,31,31,31,31,31,32,33,32
F*ckwithmeyouknowigotit,34,40,39,31,25,21,23,24,24,26,28,29,26,25,24,25,26,26,26,26,25,25,25,26,26,27,27,28,30,31,29,33,32,33,33,32,33,33,31,32,33
Holy Grail,2,8,9,14,9,14,18,15,17,17,18,20,29,29,30,29,29,32,30,34,35,35,35,34,35,34,35,35,35,35,34,34,34,34,34,34,34,34,34,34,34
Picasso Baby,21,13,29,26,18,16,13,10,18,18,19,22,23,28,28,30,30,31,31,30,31,34,34,35,33,35,34,34,34,34,35,35,35,35,35,35,35,35,35,35,35
BBC,36,33,41,38,34,34,32,33,33,37,37,34,34,37,39,40,39,37,38,38,39,40,40,41,40,37,39,36,36,36,36,36,36,37,37,36,36,36,36,37,36
The Language,30,27,33,34,40,39,46,45,44,40,42,38,40,38,41,39,38,40,40,44,43,42,41,40,41,39,37,39,39,39,37,37,37,36,36,37,37,37,37,36,37
Heaven,41,39,38,35,30,32,36,35,37,41,39,44,44,43,38,38,39,46,43,41,42,43,43,43,44,42,41,41,42,40,39,39,41,41,40,42,40,41,39,38,38
Connect,33,38,34,37,43,43,50,50,51,47,47,47,45,44,42,42,41,41,42,42,41,41,42,42,42,44,44,44,43,43,43,45,44,43,41,38,38,38,38,39,39
Crown,31,28,35,40,36,36,35,31,32,36,38,39,40,39,37,37,37,36,36,36,36,36,36,36,36,38,37,38,38,41,41,41,40,40,42,41,41,39,40,40,40
Somewhereinamerica,47,46,50,50,48,48,49,49,47,50,48,50,50,50,50,50,50,49,48,45,47,44,44,44,43,43,42,42,41,38,40,40,38,39,38,39,39,40,41,41,41
F.U.T.W.,39,40,42,46,44,44,41,38,39,39,41,43,43,40,45,45,45,42,41,39,38,38,37,37,37,36,36,37,37,37,38,38,39,38,39,40,43,43,42,42,42
JAY Z Blue,46,45,43,47,45,45,43,43,43,45,43,41,42,41,40,44,43,39,39,40,40,39,38,39,38,40,40,40,40,42,42,42,42,42,43,43,42,42,43,43,43
Own It,45,47,46,42,47,47,45,46,48,48,49,48,48,49,43,43,44,44,44,47,46,45,46,45,45,46,46,46,44,46,45,44,43,44,44,44,44,44,44,44,44
Tom Ford,2,16,23,33,27,26,26,26,27,28,36,37,33,33,36,36,36,38,37,37,37,37,39,38,39,41,43,43,45,45,46,46,47,46,46,46,46,45,45,45,45
Beach is Better,29,37,37,41,37,38,34,36,41,42,44,40,39,45,48,47,49,43,46,43,44,47,47,47,47,45,45,45,46,44,44,43,45,45,47,47,47,47,46,46,46
305 To My City,48,49,49,49,50,50,51,51,50,49,50,49,49,46,44,41,42,45,45,46,45,46,45,45,46,47,47,47,47,47,47,49,48,47,45,45,45,46,47,47,47
Part II (On The Run),2,16,32,38,34,34,31,32,31,32,35,36,38,42,46,46,46,47,47,48,50,50,50,50,50,50,50,50,48,48,48,47,46,48,48,48,48,48,48,48,48
Nickels and Dimes,40,42,43,47,45,45,40,42,42,43,40,41,46,47,49,49,48,50,50,49,49,49,49,49,49,49,49,49,49,48,49,48,49,49,49,49,49,49,49,49,49
La Familia,50,49,48,42,41,41,42,44,45,44,46,46,47,48,47,48,47,48,49,50,48,48,48,48,48,48,48,48,50,50,50,50,50,50,50,50,50,50,50,50,50
Versus,51,51,51,51,49,49,47,48,49,51,51,51,51,51,51,51,51,51,51,51,51,51,51,51,51,51,51,51,51,51,51,51,51,51,51,51,51,51,51,51,51
